10001
10002
10003
10004
10005
10006
10007
10008
10010
10012
10013
10014
10015
10016
10017
10018
10023
10024
10025
10026
10027
10028
10034
10035
10036
10037
10038
10045
10046
10047
10048
10056
10057
10058
10067
10068
10078
10100
10101
10102
10103
10104
10105
10106
10107
10108
20001
20002
20003
20004
20005
20006
20007
20008
20010
20012
20013
20014
20015
20016
20017
20018
20021
20023
20024
20025
20026
20027
20028
20031
20032
20034
20035
20036
20037
20038
20041
20042
20043
20045
20046
20047
20048
20051
20052
20053
20054
20056
20057
20058
20061
20062
20063
20064
20065
20067
20068
20071
20072
20073
20074
20075
20076
20078
20081
20082
20083
20084
20085
20086
20087
25011
25012
25013
25014
25015
25016
25017
25018
25021
25022
25023
25024
25025
25026
25027
25028
25031
25032
25033
25034
25035
25036
25037
25038
25041
25042
25043
25044
25045
25046
25047
25048
25051
25052
25053
25054
25055
25056
25057
25058
25061
25062
25063
25064
25065
25066
25067
25068
25071
25072
25073
25074
25075
25076
25077
25078
25081
25082
25083
25084
25085
25086
25087
25088
26011
26012
26013
26014
26015
26016
26017
26018
26022
26023
26024
26025
26026
26027
26028
26033
26034
26035
26036
26037
26038
26044
26045
26046
26047
26048
26055
26056
26057
26058
26066
26067
26068
26077
26078
26088
